# Censor list for 鬼畜王ランス (Kichikuou Rance)
27
70
93
101
102
103
106
107
108
109
110
111
112
113
114
115
116
117
118
119
120
121
123
124
125
126
127
128
129
130
131
132
133
134
136
137
138
139
140
141
142
143
144
145
146
147
148
149
150
151
152
153
154
155
156
157
158
160
161
162
163
164
165
166
167
168
169
171
172
174
175
176
177
178
179
180
181
182
183
184
185
186
187
188
189
190
191
193
195
196
197
198
199
200
201
203
204
205
206
207
208
209
210
214
215
216
217
218
219
221
222
224
225
226
227
228
229
230
231
232
233
234
235
239
299
300
361
362
363
375
376
377
393
422
461
466
500
501
502
503
504
505
506
507
508
509
510
511
512
513
514
515
517
844
845
846
847
848
851
852
853
854
855
